,person,subset,# shots,Feature Set,AccLDAInd,AccLDALiu,AccLDA10BB,AccLDA11BB,AccLDA10BBcl,AccLDA11BBcl,AccQDAInd,AccQDALiu,AccQDA10BB,AccQDA11BB,AccQDA10BBcl,AccQDA11BBcl,AccKNNInd,AccKNNIndGen,AccKNNLiu,AccKNN10BBl,AccKNN11BBl,AccKNN10BBq,AccKNN11BBq,AccSVMInd,AccSVMGIndGen,AccSVMLiu,AccSVM10BBl,AccSVM11BBl,AccSVM10BBq,AccSVM11BBq,r10BBl,r11BBl,r10BBq,r11BBq,r10BBlmean,r11BBlmean,r10BBqmean,r11BBqmean
0,1,"(1,)",1,1,0.660862577015805,0.8349852665416555,0.7832842218055184,0.8202518081971605,0.92,0.96,0.6019287436378248,0.7803375301366193,0.7787302437717654,0.7760514331636753,0.904,0.92,0.7891776051433164,0.7559603536030003,0.7875703187784624,0.7822126975622824,0.7913206536297884,0.8092686847039914,0.7814090543798553,0.6876506830967051,0.7656040717921243,0.7856951513527993,0.7907848915081703,0.7923921778730244,0.8031074203053844,0.7891776051433164,[0.89626001 0.93806559 0.85853465 0.97693433 0.73435525],[0.88888889 0.60704091 0.5        1.         0.54163298],[0.54181707 0.52385122 0.52860819 0.52324318 0.5280546 ],[0.5 0.5 0.5 0.5 0.5],0.8808299654362879,0.7075125570656254,0.5291148492144273,0.5
1,1,"(2,)",1,1,0.8065898740959014,0.8312349316903295,0.8379319582105546,0.8352531476024645,0.944,0.944,0.8240021430484865,0.7551567104205733,0.7516742566300563,0.7870345566568444,0.864,0.896,0.8371283150281275,0.8424859362443076,0.7546209482989553,0.8355210286632735,0.7714974551299223,0.8127511384945084,0.7685507634610234,0.7664077149745513,0.8381998392713635,0.7897133672649344,0.8384677203321725,0.7913206536297884,0.8170372354674524,0.7907848915081703,[0.91836463 0.8168585  0.78925028 0.8508346  0.84356501],[0.85240775 0.51304348 0.48648649 0.62867133 0.55661664],[0.52270158 0.50328967 0.52092679 0.52847383 0.51107589],[0.5042735 0.5       0.5       0.5       0.5      ],0.8437746040491751,0.6074451384389045,0.5172935521635009,0.5008547008547009
2,1,"(3,)",1,1,0.7388159657112242,0.8122153763728904,0.7953388695419233,0.8309670506295205,0.952,0.968,0.7795338869541923,0.8272167157781944,0.8333779801768015,0.8344495044200375,0.944,0.944,0.7487275649611572,0.8240021430484865,0.8033753013661934,0.8087329225823734,0.8218590945620144,0.8135547816769354,0.8063219930350924,0.668899008840075,0.8167693544066434,0.8140905437985534,0.8274845968390034,0.8135547816769354,0.8173051165282614,0.8116796142512724,[0.98443686 0.9328454  0.87248337 0.95937736 0.64882343],[1.         0.73584906 0.51666667 0.72687225 0.51851852],[0.53084627 0.5588994  0.51911487 0.61785913 0.56262973],[0.5        0.5042735  0.5        0.5        0.51851852],0.8795932858075198,0.6995812976969988,0.5578698783132515,0.5045584045584046
3,1,"(4,)",1,1,0.7848915081703723,0.8448968657915885,0.8336458612376105,0.8323064559335654,0.96,0.96,0.7854272702919903,0.8588266809536566,0.8660594695954996,0.8572193945888026,0.968,0.96,0.8215912135012055,0.8617733726225556,0.8098044468256095,0.8617733726225556,0.8414144120010715,0.8264130725957675,0.8210554513795875,0.7808732922582373,0.8451647468523975,0.8473077953388696,0.8534690597374766,0.8454326279132065,0.8448968657915885,0.8357889097240825,[0.96444083 0.93598353 0.72924488 0.92999516 0.71102025],[0.90909091 0.64475202 0.5        0.58227848 0.52242366],[0.5191305  0.56181337 0.52971421 0.56135122 0.60476143],[0.5        0.5042735  0.50877193 0.5        0.5042735 ],0.8541369281552524,0.6317090145360291,0.5553541459911143,0.503463787674314
4,1,"(5,)",1,1,0.7511384945084383,0.8532011786766676,0.8240021430484865,0.8290918832038575,0.976,0.976,0.7886418430216984,0.8647200642914546,0.8615054915617466,0.8550763461023305,0.968,0.96,0.8489150817037235,0.8523975354942406,0.8298955263862845,0.8719528529332976,0.8462362710956335,0.8585587998928476,0.8523975354942406,0.7152424323600322,0.8395392445754085,0.8486472006429145,0.8470399142780606,0.8462362710956335,0.8518617733726226,0.8465041521564426,[0.98302502 0.96770191 0.63461206 0.97013472 0.66607085],[1.         0.88656716 0.5        0.85619835 0.50704225],[0.54387066 0.55728335 0.51613923 0.59045392 0.55948983],[0.5        0.5        0.5        0.5        0.51351351],0.8443089136554468,0.7499615529615339,0.553447398051095,0.5027027027027027
5,1,"(6,)",1,1,0.680685775515671,0.8274845968390034,0.7886418430216984,0.8039110634878114,0.92,0.936,0.6321993035092419,0.8036431824270024,0.8124832574336994,0.8293597642646665,0.944,0.944,0.8191802839539245,0.7990892043932494,0.7701580498258773,0.8379319582105546,0.8090008036431824,0.8221269756228234,0.8151620680417895,0.7141709081167962,0.8017680150013394,0.8108759710688455,0.8186445218323064,0.8181087597106884,0.8146263059201715,0.8384677203321725,[0.96109012 0.89714615 0.7457156  0.97542282 0.70267104],[1.         0.57607777 0.49075786 0.95132743 0.50487805],[0.61951143 0.5505771  0.50935717 0.60119293 0.54466379],[0.5 0.5 0.5 0.5 0.5],0.8564091460900006,0.7046082213233636,0.5650604820640263,0.5
6,1,"(7,)",1,1,0.6249665148673988,0.7993570854540584,0.7420305384409323,0.7822126975622824,0.888,0.944,0.7615858558799893,0.8090008036431824,0.8071256362175194,0.8135547816769354,0.952,0.96,0.7897133672649344,0.7972140369675864,0.7784623627109564,0.7883739619608894,0.7838199839271364,0.7948031074203054,0.8073935172783284,0.6383605679078489,0.7824805786230914,0.8092686847039914,0.7964103937851594,0.8111438521296545,0.7980176801500134,0.8071256362175194,[0.92570083 0.99257104 0.7819547  0.88517345 0.91733689],[0.80687398 1.         0.48648649 0.57446809 0.61111111],[0.54560147 0.57997615 0.50614851 0.6340321  0.63071998],[0.5        0.51851852 0.5        0.5        0.5       ],0.9005473810828144,0.6957879319581447,0.5792956405346027,0.5037037037037038
7,1,"(8,)",1,1,0.684168229306188,0.7985534422716314,0.7642646664880793,0.7902491293865523,0.96,0.96,0.7500669702652023,0.7851593892311813,0.7535494240557192,0.7717653361907313,0.84,0.872,0.7264934369140101,0.7468523975354943,0.7425663005625502,0.7714974551299223,0.7353335119207072,0.7723010983123493,0.7318510581301902,0.650950977765872,0.7457808732922583,0.7299758907045272,0.7495312081435842,0.6970265202250201,0.7511384945084383,0.7013126171979641,[0.98279864 0.87155609 0.83061809 0.9537458  0.75756567],[1.         0.60055866 0.50980392 0.58214748 0.49006623],[0.50900165 0.50557603 0.50172027 0.51311587 0.61139297],[0.5 0.5 0.5 0.5 0.5],0.879256856762203,0.6365152566625997,0.5281613548473314,0.5
8,1,"(9,)",1,1,0.6439860701848379,0.8106080900080365,0.7487275649611572,0.7990892043932494,0.888,0.928,0.7291722475221002,0.8111438521296545,0.8092686847039914,0.8068577551567104,0.92,0.92,0.8111438521296545,0.8293597642646665,0.8049825877310474,0.8237342619876775,0.8124832574336994,0.7969461559067774,0.8119474953120814,0.659791052772569,0.8039110634878114,0.8205196892579695,0.7966782748459684,0.8151620680417895,0.7937315831770694,0.8015001339405304,[0.91529559 0.90827668 0.82084252 0.89346004 0.67260342],[0.58024691 0.62820513 0.50474383 0.50819672 0.52238806],[0.52738806 0.54376838 0.50198691 0.56916142 0.53444606],[0.5       0.5042735 0.5       0.5       0.5      ],0.8420956494558283,0.5487561311630842,0.5353501636746301,0.5008547008547009
9,1,"(10,)",1,1,0.7047950709884812,0.8473077953388696,0.7899812483257433,0.7977497990892044,0.944,0.936,0.8130190195553174,0.8585587998928476,0.8615054915617466,0.8652558264130726,0.976,0.968,0.8215912135012055,0.8387356013929815,0.8387356013929815,0.8566836324671846,0.8390034824537905,0.8534690597374766,0.8532011786766676,0.7192606482721672,0.8379319582105546,0.8550763461023305,0.8430216983659256,0.8601660862577016,0.8435574604875435,0.8582909188320386,[0.96435075 0.97258437 0.82026561 0.98403777 0.79934438],[1.        1.        0.5       1.        0.5106383],[0.53014707 0.60567226 0.5104961  0.55233998 0.60680846],[0.5        0.52380952 0.5        0.5        0.50877193],0.9081165767076869,0.8021276595744681,0.5610927721733341,0.506516290726817
10,1,"(11,)",1,1,0.674792392177873,0.7680150013394053,0.7543530672381462,0.7816769354406643,0.856,0.888,0.665148673988749,0.7380123225287972,0.7626573801232253,0.7527457808732922,0.872,0.864,0.7286364854004822,0.7463166354138763,0.7109563353870881,0.7318510581301902,0.7382802035896062,0.7449772301098312,0.7235467452451112,0.6388963300294669,0.7398874899544602,0.7476560407179212,0.7607822126975623,0.7696222877042593,0.7795338869541923,0.7457808732922583,[0.93038694 0.76961753 0.74932768 0.92825401 0.80039718],[0.73584906 0.58573854 0.51189785 0.65503569 0.57324841],[0.59795981 0.53843943 0.50648252 0.59084285 0.53377814],[0.52380952 0.5        0.5        0.50014128 0.51851852],0.8355966676481617,0.6123539085382886,0.5535005499485365,0.508493865035261
0,1,"(12,)",1,1,0.635949638360568,0.7535494240557192,0.7106884543262791,0.7586391642110902,0.848,0.904,0.6145191534958478,0.8084650415215644,0.8090008036431824,0.8023037771229574,0.928,0.92,0.8154299491025985,0.8414144120010715,0.7741762657380123,0.8534690597374766,0.7816769354406643,0.8234663809268685,0.7733726225555854,0.5713903027055988,0.8317706938119475,0.7546209482989553,0.8269488347173855,0.7824805786230914,0.8132869006161264,0.7669434770961693,[0.93413905 0.8869728  0.91442297 0.91116109 0.71133245],[0.88537549 0.71891192 0.5        0.51851852 0.5078125 ],[0.57374598 0.63274179 0.50614446 0.59415387 0.62903166],[0.5        0.5        0.5        0.5        0.50877193],0.8716056750609309,0.6261236859376221,0.5871635519575248,0.5017543859649123
1,1,"(13,)",1,1,0.7414947763193143,0.8084650415215644,0.7634610233056522,0.7942673452986874,0.888,0.944,0.7262255558532011,0.7915885346905974,0.7795338869541923,0.7862309134744173,0.896,0.904,0.8044468256094294,0.8151620680417895,0.7733726225555854,0.8092686847039914,0.7763193142244843,0.7902491293865523,0.7848915081703723,0.64612911867131,0.8138226627377444,0.7666755960353603,0.8167693544066434,0.7733726225555854,0.8025716581837664,0.7798017680150013,[0.95245734 0.83743643 0.80048197 0.95217008 0.71230076],[0.65454545 0.52188184 0.49090909 0.74370709 0.50359712],[0.52649586 0.52014648 0.52345742 0.52447218 0.54096744],[0.5       0.5042735 0.5       0.5       0.5      ],0.8509693170123552,0.5829281199305224,0.5271078759950656,0.5008547008547009
2,1,"(14,)",1,1,0.7736405036163944,0.8360567907848915,0.8277524778998124,0.8355210286632735,0.976,0.968,0.8256094294133405,0.8269488347173855,0.8245379051701045,0.8331100991159925,0.96,0.96,0.8138226627377444,0.8333779801768015,0.8197160460755425,0.8483793195821056,0.8073935172783284,0.8448968657915885,0.8272167157781944,0.6814894186980981,0.8344495044200375,0.8323064559335654,0.8438253415483525,0.8339137422984195,0.8406107688186445,0.8282882400214305,[0.96984394 0.89024291 0.86961211 0.91035124 0.68453361],[1.         0.67241379 0.49024707 0.63376932 0.50340136],[0.60081171 0.53317372 0.51865881 0.54697306 0.55228884],[0.5        0.5        0.50014128 0.5        0.5       ],0.8649167620408623,0.6599663100010673,0.5503812277005438,0.5000282565696524
3,1,"(15,)",1,1,0.7524778998124833,0.8256094294133405,0.7830163407447094,0.8132869006161264,0.928,0.96,0.7345298687382802,0.8245379051701045,0.8585587998928476,0.8510581301901956,0.976,0.976,0.7527457808732922,0.8119474953120814,0.8146263059201715,0.8266809536565765,0.8272167157781944,0.8218590945620144,0.8229306188052504,0.641039378515939,0.8111438521296545,0.8360567907848915,0.8272167157781944,0.8430216983659256,0.8148941869809805,0.8280203589606215,[0.96314499 0.97100182 0.73823567 0.96147972 0.71841029],[0.88537549 1.         0.49525617 0.90865385 0.52517986],[0.52152258 0.55059501 0.51948682 0.58690946 0.65437739],[0.5        0.52066116 0.50877193 0.50057537 0.52380952],0.8704544972735895,0.7628930726646045,0.5665782545403986,0.5107635969303949
4,1,"(16,)",1,1,0.7197964103937852,0.8325743369943746,0.7495312081435842,0.7487275649611572,0.888,0.88,0.8079292793999464,0.8357889097240825,0.8357889097240825,0.8601660862577016,0.936,0.944,0.8146263059201715,0.8194481650147335,0.8122153763728904,0.8248057862309135,0.8266809536565765,0.8197160460755425,0.8352531476024645,0.6573801232252879,0.7974819180283954,0.7993570854540584,0.8073935172783284,0.8092686847039914,0.8065898740959014,0.8130190195553174,[0.95045911 0.93929404 0.84680131 0.97335071 0.64361123],[1.         0.93373494 0.50943396 0.94506518 0.51551313],[0.53138871 0.59577088 0.53848359 0.53917578 0.54932192],[0.5 0.5 0.5 0.5 0.5],0.8707032790629302,0.7807494410847171,0.5508281750411025,0.5
5,1,"(17,)",1,1,0.7133672649343692,0.8049825877310474,0.7693544066434503,0.7776587195285294,0.944,0.928,0.7768550763461023,0.8323064559335654,0.8293597642646665,0.8309670506295205,0.944,0.944,0.8290918832038575,0.8301634074470935,0.8055183498526655,0.8497187248861505,0.8183766407714974,0.8406107688186445,0.8234663809268685,0.665416555049558,0.8154299491025985,0.8154299491025985,0.8240021430484865,0.8199839271363515,0.8298955263862845,0.8207875703187785,[0.98505571 0.9653683  0.8068514  0.98031543 0.83657198],[1.        1.        0.5       1.        0.5423477],[0.50616078 0.53847957 0.50859919 0.5388528  0.57704045],[0.5042735 0.5042735 0.5       0.5       0.5      ],0.9148325643972217,0.8084695393759287,0.5338265572938609,0.5017094017094017
6,1,"(18,)",1,1,0.675060273238682,0.7819448165014733,0.7508706134476293,0.7597106884543263,0.896,0.888,0.7602464505759443,0.7615858558799893,0.7747120278596303,0.7787302437717654,0.888,0.888,0.7910527725689793,0.8098044468256095,0.7613179748191803,0.8146263059201715,0.7645325475488883,0.8004286096972943,0.7712295740691133,0.7425663005625502,0.7883739619608894,0.7867666755960354,0.7964103937851594,0.7808732922582373,0.7819448165014733,0.7811411733190463,[0.98351079 0.87794145 0.81860909 0.97093185 0.85636192],[1.         0.59036145 0.5042735  0.74678112 0.57692308],[0.54978443 0.50184415 0.50775407 0.54810129 0.55198066],[0.5042735  0.5        0.5        0.5        0.52380952],0.9014710191132591,0.6836678285719084,0.5318929169511655,0.5056166056166056
7,1,"(19,)",1,1,0.661934101259041,0.8416822930618805,0.7267613179748191,0.7481918028395392,0.816,0.832,0.7717653361907313,0.8143584248593625,0.8183766407714974,0.8387356013929815,0.936,0.952,0.8245379051701045,0.8416822930618805,0.8023037771229574,0.8473077953388696,0.8207875703187785,0.8411465309402625,0.8392713635145995,0.6105009375837128,0.8218590945620144,0.8416822930618805,0.8122153763728904,0.8419501741226896,0.8138226627377444,0.8459683900348245,[0.8707882  0.91189571 0.73692853 0.9869595  0.68512817],[0.73972603 0.88718929 0.53062848 1.         0.50746269],[0.52594426 0.52324024 0.51947438 0.54058043 0.54410782],[0.5       0.5       0.5       0.5       0.5042735],0.8383400205772167,0.7330012974033189,0.5306694252474852,0.5008547008547009
8,1,"(20,)",1,1,0.5896062148406108,0.8001607286364854,0.694883471738548,0.7578355210286633,0.776,0.872,0.668631127779266,0.8298955263862845,0.8317706938119475,0.8111438521296545,0.936,0.936,0.7347977497990892,0.7270291990356281,0.7998928475756764,0.7406911331368872,0.8004286096972943,0.7875703187784624,0.7974819180283954,0.630859898205197,0.7385480846504152,0.8162335922850255,0.7698901687650683,0.8108759710688455,0.8119474953120814,0.8047147066702384,[0.93410419 0.98774384 0.81959655 0.96365648 0.77461904],[0.71725572 1.         0.50909091 0.89757412 0.5071473 ],[0.58199151 0.57060694 0.51516651 0.56849852 0.53241752],[0.5042735  0.5042735  0.5042735  0.5042735  0.50877193],0.8959440204809928,0.7262136093586544,0.5537362012325758,0.5051731893837157
9,1,"(21,)",1,1,0.8290918832038575,0.8242700241092955,0.8296276453254755,0.8296276453254755,0.976,0.976,0.8226627377444414,0.8293597642646665,0.8384677203321725,0.8440932226091615,0.952,0.952,0.8309670506295205,0.8478435574604876,0.8060541119742834,0.8475756763996786,0.8143584248593625,0.8170372354674524,0.8063219930350924,0.7361371551031342,0.8288240021430485,0.8237342619876775,0.8381998392713635,0.8231984998660594,0.8355210286632735,0.8210554513795875,[0.95419633 0.91910425 0.78162122 0.90844358 0.87451811],[0.81034483 0.65882353 0.49075786 0.5915493  0.56325823],[0.58916696 0.52616911 0.50713218 0.52320146 0.55370768],[0.51851852 0.5        0.5        0.5        0.51351351],0.8875766973721256,0.6229467481661745,0.5398754782807467,0.5064064064064064
10,1,"(22,)",1,1,0.6367532815429949,0.7010447361371551,0.649879453522636,0.6774712027859631,0.792,0.8,0.7543530672381462,0.8226627377444414,0.8159657112242165,0.8106080900080365,0.944,0.92,0.7559603536030003,0.7902491293865523,0.7698901687650683,0.7856951513527993,0.7851593892311813,0.7864987945352263,0.8015001339405304,0.5553174390570587,0.7597106884543263,0.8028395392445754,0.7773908384677203,0.8114117331904634,0.7964103937851594,0.8095365657648004,[0.96866292 0.93310757 0.68265735 0.94264647 0.88207852],[1.         0.83625731 0.49525617 1.         0.54894785],[0.53992559 0.5307689  0.5009688  0.59218448 0.56577578],[0.50877193 0.5        0.5        0.5        0.52941176],0.8818305656875093,0.7760922653757394,0.5459247075982828,0.5076367389060887
11,1,"(23,)",1,1,0.6978301634074471,0.8167693544066434,0.7629252611840343,0.7998928475756764,0.92,0.936,0.7768550763461023,0.8395392445754085,0.8381998392713635,0.8427538173051166,0.96,0.944,0.8052504687918565,0.7985534422716314,0.8213233324403965,0.8258773104741495,0.7956067506027323,0.8390034824537905,0.8266809536565765,0.7189927672113582,0.8020358960621484,0.8288240021430485,0.8277524778998124,0.8253415483525315,0.8309670506295205,0.8298955263862845,[0.98182681 0.88305807 0.79333016 0.9184769  0.66889116],[1.         0.52515091 0.5044991  0.54       0.51111111],[0.5230133  0.51181995 0.51269352 0.53833196 0.51291914],[0.5 0.5 0.5 0.5 0.5],0.8491166172682059,0.6161522233447341,0.5197555757059089,0.5
12,1,"(24,)",1,1,0.6927404232520761,0.8486472006429145,0.8119474953120814,0.8285561210822395,0.928,0.952,0.7385480846504152,0.8213233324403965,0.8186445218323064,0.8248057862309135,0.936,0.928,0.8207875703187785,0.8489150817037235,0.8073935172783284,0.8419501741226896,0.8114117331904634,0.8341816233592285,0.8269488347173855,0.7481918028395392,0.8451647468523975,0.8360567907848915,0.8403428877578355,0.8339137422984195,0.8513260112510046,0.8336458612376105,[0.94331012 0.96239252 0.86018205 0.98263323 0.81628046],[0.88718929 0.74688797 0.49557522 1.         0.54861111],[0.53574462 0.53893861 0.54149259 0.53730815 0.51467692],[0.5        0.5        0.52380952 0.5        0.5       ],0.9129596761480173,0.7356527183396099,0.5336321773315971,0.5047619047619047
13,1,"(25,)",1,1,0.7856951513527993,0.8274845968390034,0.8130190195553174,0.8151620680417895,0.944,0.96,0.7297080096437182,0.8272167157781944,0.8414144120010715,0.8427538173051166,0.96,0.968,0.8162335922850255,0.8309670506295205,0.8098044468256095,0.8384677203321725,0.8068577551567104,0.8315028127511385,0.8280203589606215,0.6970265202250201,0.8156978301634075,0.8494508438253415,0.8465041521564426,0.8446289847307795,0.8459683900348245,0.8363246718457005,[0.97100286 0.92876562 0.78357652 0.92510088 0.76196135],[0.91212121 0.58122744 0.48575047 0.87162162 0.51748252],[0.50914679 0.51027959 0.51472727 0.57049972 0.55513611],[0.5       0.5042735 0.5       0.5       0.5      ],0.8740814453172897,0.6736406526065246,0.5319578966936216,0.5008547008547009
14,1,"(1, 2)",2,1,0.8424859362443076,0.8438253415483525,0.8475756763996786,0.8457005089740155,0.968,0.96,0.7664077149745513,0.7907848915081703,0.8033753013661934,0.7972140369675864,0.928,0.928,0.8199839271363515,0.8403428877578355,0.7819448165014733,0.8199839271363515,0.8031074203053844,0.8170372354674524,0.8036431824270024,0.7832842218055184,0.8443611036699705,0.8114117331904634,0.8411465309402625,0.8229306188052504,0.8298955263862845,0.8090008036431824,[0.96605112 0.88117959 0.85599635 0.91289012 0.76412227],[0.90277778 0.51954397 0.5104659  0.79130435 0.54119548],[0.597377   0.55180941 0.59118417 0.70611962 0.56520798],[0.5042735  0.50847458 0.50891317 0.50847458 0.50877193],0.8760478925914017,0.653057495507663,0.602339635873682,0.507781551025615
15,1,"(1, 3)",2,1,0.8328422180551835,0.8440932226091615,0.8381998392713635,0.8360567907848915,0.968,0.96,0.7666755960353603,0.8395392445754085,0.8486472006429145,0.8502544870077685,0.944,0.976,0.8055183498526655,0.8639164211090276,0.7985534422716314,0.8631127779266006,0.8424859362443076,0.8368604339673185,0.8483793195821056,0.7784623627109564,0.8540048218590945,0.8365925529065095,0.8515938923118136,0.8532011786766676,0.8443611036699705,0.8392713635145995,[0.98339173 0.89932598 0.85517583 0.98238386 0.67799021],[0.93567251 0.61403509 0.5218638  0.83695652 0.51351351],[0.59418206 0.62871989 0.57946352 0.78801577 0.57588024],[0.5        0.52515091 0.51372896 0.49586777 0.51785714],0.87965352141795,0.6844082873749958,0.6332522941321925,0.5105209561138913
16,1,"(1, 4)",2,1,0.7969461559067774,0.8459683900348245,0.8248057862309135,0.8315028127511385,0.968,0.952,0.8197160460755425,0.8550763461023305,0.8754353067238146,0.8534690597374766,0.968,0.968,0.8465041521564426,0.8647200642914546,0.8186445218323064,0.8631127779266006,0.8368604339673185,0.8341816233592285,0.8272167157781944,0.7575676399678543,0.8432895794267345,0.8355210286632735,0.8499866059469595,0.8408786498794535,0.8355210286632735,0.8317706938119475,[0.98057694 0.91845987 0.79830054 0.97330486 0.70949404],[0.9010989  0.56650246 0.49525617 0.82978723 0.52870091],[0.61699486 0.58507467 0.56927564 0.66058135 0.66098701],[0.5        0.52515091 0.50877193 0.5042735  0.50014128],0.8760272513313196,0.6642691343045948,0.6185827055993557,0.5076675244757848
17,1,"(1, 5)",2,1,0.8122153763728904,0.8550763461023305,0.8306991695687115,0.8352531476024645,0.968,0.976,0.7945352263594964,0.8443611036699705,0.8633806589874096,0.8700776855076346,0.976,0.976,0.8491829627645325,0.8671309938387356,0.8390034824537905,0.8657915885346906,0.8363246718457005,0.8580230377712296,0.8435574604875435,0.7605143316367533,0.8507902491293865,0.8400750066970265,0.8502544870077685,0.8475756763996786,0.8465041521564426,0.8432895794267345,[0.98309898 0.94243126 0.76082457 0.97884003 0.74978468],[1.         0.62376238 0.5        0.94956522 0.50497866],[0.64253727 0.57378794 0.57300853 0.83678319 0.64391971],[0.51851852 0.5042735  0.50877193 0.51351351 0.52380952],0.8829959045937427,0.7156612513004654,0.6540073263248838,0.5137773979879243
18,1,"(2, 3)",2,1,0.8317706938119475,0.8400750066970265,0.8414144120010715,0.8339137422984195,0.968,0.96,0.7476560407179212,0.8264130725957675,0.8454326279132065,0.8373961960889366,0.96,0.968,0.8140905437985534,0.8556121082239486,0.8151620680417895,0.8465041521564426,0.8162335922850255,0.8210554513795875,0.8261451915349585,0.7583712831502812,0.8494508438253415,0.8264130725957675,0.8481114385212966,0.8381998392713635,0.8331100991159925,0.8304312885079025,[0.96829553 0.88387301 0.82727386 0.89547148 0.69505343],[1.         0.54794521 0.50862069 0.6969697  0.5050738 ],[0.63840514 0.56577706 0.54868388 0.76121654 0.56187902],[0.5044991  0.5044991  0.5        0.50057537 0.52453988],0.8539934603520234,0.6517218785684658,0.6151923286882363,0.5068226903307274
19,1,"(2, 4)",2,1,0.8293597642646665,0.8465041521564426,0.8443611036699705,0.8368604339673185,0.968,0.96,0.8414144120010715,0.8593624430752745,0.8684703991427806,0.8641843021698365,0.968,0.968,0.8703455665684436,0.8724886150549156,0.8197160460755425,0.8373961960889366,0.8486472006429145,0.8304312885079025,0.8298955263862845,0.8065898740959014,0.8545405839807125,0.8416822930618805,0.8582909188320386,0.8580230377712296,0.8392713635145995,0.8344495044200375,[0.96616865 0.8961801  0.71317126 0.87715437 0.72804152],[0.95431472 0.54452055 0.48994975 0.55429498 0.52554745],[0.60996487 0.67247311 0.54847428 0.71018486 0.66488292],[0.50029744 0.5044991  0.5        0.50938338 0.51439069],0.8361431806239541,0.6137254876890796,0.6411960105136483,0.5057141224345629
20,1,"(2, 5)",2,1,0.8317706938119475,0.8521296544334316,0.8416822930618805,0.8408786498794535,0.976,0.968,0.8197160460755425,0.8529332976158586,0.8623091347441736,0.8607018483793196,0.968,0.968,0.8682025180819716,0.8692740423252077,0.8403428877578355,0.8671309938387356,0.8574872756496116,0.8537369407982855,0.8357889097240825,0.7897133672649344,0.8577551567104206,0.8443611036699705,0.8601660862577016,0.8507902491293865,0.8521296544334316,0.8440932226091615,[0.98287755 0.91770856 0.70539427 0.89122371 0.73430204],[1.         0.56281407 0.49075786 0.59090909 0.51187457],[0.66552902 0.55998371 0.57017279 0.68324085 0.62016722],[0.50877193 0.5044991  0.5        0.50014128 0.5       ],0.8463012270958761,0.6312711169513815,0.6198187175396451,0.5026824625705575
21,1,"(3, 4)",2,1,0.8020358960621484,0.8395392445754085,0.8347173854808465,0.8365925529065095,0.968,0.968,0.8175729975890704,0.8633806589874096,0.8781141173319046,0.8633806589874096,0.96,0.968,0.8092686847039914,0.8722207339941066,0.8221269756228234,0.8649879453522636,0.8491829627645325,0.8513260112510046,0.8256094294133405,0.7690865255826413,0.8513260112510046,0.8390034824537905,0.8491829627645325,0.8497187248861505,0.8451647468523975,0.8414144120010715,[0.96496129 0.91078418 0.78565656 0.92029911 0.68136415],[0.94240838 0.65855404 0.51282051 0.52532833 0.49685535],[0.59971958 0.76993679 0.56999186 0.74614711 0.65151871],[0.5        0.51851852 0.5        0.5042735  0.51032807],0.8526130560007165,0.6271933220566016,0.6674628108356759,0.5066240181671531
22,1,"(3, 5)",2,1,0.8041789445486204,0.8489150817037235,0.8336458612376105,0.8438253415483525,0.968,0.968,0.8274845968390034,0.8625770158049826,0.8684703991427806,0.8612376105009376,0.968,0.968,0.8315028127511385,0.8636485400482186,0.8269488347173855,0.8601660862577016,0.8561478703455666,0.8569515135279936,0.8499866059469595,0.7712295740691133,0.8430216983659256,0.8467720332172516,0.8470399142780606,0.8502544870077685,0.8462362710956335,0.8440932226091615,[0.99149375 0.96502872 0.76649121 0.95843696 0.6464587 ],[1.         0.75757576 0.5078125  0.8556962  0.51178451],[0.73290672 0.67994089 0.6184586  0.81024078 0.67907036],[0.51351351 0.50504125 0.5044991  0.49579832 0.53123956],0.865581867234181,0.7265737943783831,0.7041234722729058,0.5100183477109853
23,1,"(4, 5)",2,1,0.8116796142512724,0.8523975354942406,0.8333779801768015,0.8384677203321725,0.96,0.968,0.8031074203053844,0.8655237074738816,0.8698098044468257,0.8663273506563086,0.968,0.968,0.8832038574872757,0.8716849718724886,0.8231984998660594,0.8711492097508706,0.8537369407982855,0.8730243771765336,0.8400750066970265,0.7674792392177873,0.8505223680685775,0.8489150817037235,0.8537369407982855,0.8521296544334316,0.8521296544334316,0.8451647468523975,[0.98584077 0.95153418 0.69400012 0.94712552 0.68621819],[1.         0.65       0.49498998 0.73170732 0.50529043],[0.63250406 0.66167149 0.53776145 0.73998798 0.7271209 ],[0.5        0.50464037 0.5        0.5042735  0.51968504],0.8529437550690966,0.6763975462129235,0.6598091769454485,0.5057197829746563
24,1,"(1, 2, 3)",3,1,0.8430216983659256,0.8478435574604876,0.8470399142780606,0.8430216983659256,0.968,0.96,0.7567639967854273,0.8309670506295205,0.8347173854808465,0.8381998392713635,0.952,0.952,0.8427538173051166,0.8660594695954996,0.7996249665148674,0.8620412536833646,0.8269488347173855,0.8448968657915885,0.8253415483525315,0.8114117331904634,0.8545405839807125,0.8352531476024645,0.8545405839807125,0.8459683900348245,0.8459683900348245,0.8408786498794535,[0.97488388 0.89080016 0.85448017 0.92614159 0.70591544],[0.92173913 0.56327307 0.52115813 0.72353948 0.50091968],[0.70566767 0.6244419  0.64750632 0.84350228 0.59231839],[0.5        0.51865206 0.51534733 0.50895921 0.51245937],0.870444250237821,0.6461258981903985,0.6826873150368802,0.5110835944786547
25,1,"(1, 2, 4)",3,1,0.8349852665416555,0.8497187248861505,0.8432895794267345,0.8451647468523975,0.968,0.96,0.8400750066970265,0.8478435574604876,0.8470399142780606,0.8582909188320386,0.936,0.968,0.8671309938387356,0.8687382802035896,0.7969461559067774,0.8596303241360835,0.8234663809268685,0.8306991695687115,0.8119474953120814,0.8044468256094294,0.8507902491293865,0.8296276453254755,0.8518617733726226,0.8494508438253415,0.8419501741226896,0.8331100991159925,[0.97573046 0.88169056 0.77936139 0.92882905 0.71929501],[0.90972477 0.52290542 0.49627029 0.71420912 0.52000436],[0.6825761  0.69383044 0.6264011  0.83973421 0.70536173],[0.50315457 0.5229304  0.5088042  0.50886662 0.52616927],0.8569812943440248,0.6326227915421144,0.7095807156054131,0.5139850124711461
26,1,"(1, 2, 5)",3,1,0.8368604339673185,0.8532011786766676,0.8448968657915885,0.8467720332172516,0.976,0.96,0.8183766407714974,0.8277524778998124,0.8483793195821056,0.8615054915617466,0.968,0.976,0.8690061612643986,0.8716849718724886,0.8438253415483525,0.8604339673185106,0.8427538173051166,0.8462362710956335,0.8387356013929815,0.8039110634878114,0.8564157514063756,0.8454326279132065,0.8582909188320386,0.8489150817037235,0.8499866059469595,0.8438253415483525,[0.98464975 0.90454432 0.77292514 0.93165769 0.73948829],[0.95618153 0.54884226 0.5        0.72277228 0.51265823],[0.68877597 0.57877077 0.61337241 0.83751301 0.63070613],[0.50908112 0.50588235 0.5147929  0.51215727 0.52590819],0.8666530369769648,0.6480908592639661,0.6698276592056128,0.5135643680865649
27,1,"(1, 3, 4)",3,1,0.8398071256362175,0.8454326279132065,0.8451647468523975,0.8419501741226896,0.968,0.96,0.8355210286632735,0.8647200642914546,0.8727564961157246,0.8665952317171176,0.968,0.968,0.8395392445754085,0.8783819983927136,0.8355210286632735,0.8746316635413877,0.8443611036699705,0.8451647468523975,0.8240021430484865,0.7998928475756764,0.8521296544334316,0.8363246718457005,0.8553442271631395,0.8507902491293865,0.8510581301901956,0.8510581301901956,[0.98638851 0.89472504 0.80245838 0.96129917 0.68005669],[0.92282353 0.57494235 0.49950891 0.71885714 0.49524286],[0.78123539 0.74224692 0.65898305 0.85666622 0.67571372],[0.50282486 0.5578208  0.51807229 0.51203385 0.51277014],0.8649855562914363,0.6422749596763916,0.7429690578196991,0.5207043874542963
28,1,"(1, 3, 5)",3,1,0.8403428877578355,0.8507902491293865,0.8475756763996786,0.8470399142780606,0.968,0.968,0.8122153763728904,0.8532011786766676,0.8673988748995446,0.8655237074738816,0.968,0.968,0.8491829627645325,0.8818644521832306,0.8371283150281275,0.8732922582373426,0.8502544870077685,0.8521296544334316,0.8521296544334316,0.8009643718189124,0.8540048218590945,0.8470399142780606,0.8545405839807125,0.8550763461023305,0.8494508438253415,0.8510581301901956,[0.98870835 0.9292963  0.78418838 0.97706758 0.67902808],[1.         0.67133719 0.50649351 0.90277778 0.49781659],[0.75396558 0.6678674  0.64646451 0.87301405 0.66483259],[0.51851852 0.52066116 0.51813752 0.50716091 0.5216285 ],0.871657739704589,0.7156850139501605,0.7212288262441299,0.5172213208862046
29,1,"(1, 4, 5)",3,1,0.8210554513795875,0.8505223680685775,0.8341816233592285,0.8400750066970265,0.976,0.976,0.8280203589606215,0.8706134476292526,0.8767747120278596,0.8687382802035896,0.968,0.968,0.8714170908116796,0.8743637824805787,0.8341816233592285,0.8773104741494776,0.8309670506295205,0.8652558264130726,0.8540048218590945,0.7964103937851594,0.8537369407982855,0.8430216983659256,0.8537369407982855,0.8556121082239486,0.8491829627645325,0.8491829627645325,[0.98764112 0.93514295 0.75842678 0.97197048 0.71708747],[0.95522388 0.59806295 0.49361702 0.8251821  0.51401869],[0.66452947 0.70528792 0.60252728 0.85142965 0.72389579],[0.50628847 0.53139202 0.50594766 0.51190476 0.5216285 ],0.8740537609689479,0.6772209298869319,0.7095340225075365,0.5154322818898067
30,1,"(2, 3, 4)",3,1,0.8274845968390034,0.8438253415483525,0.8440932226091615,0.8357889097240825,0.968,0.96,0.8298955263862845,0.8580230377712296,0.8740959014197697,0.8679346370211626,0.968,0.968,0.8558799892847576,0.8687382802035896,0.8269488347173855,0.8673988748995446,0.8499866059469595,0.8248057862309135,0.8199839271363515,0.8065898740959014,0.8537369407982855,0.8403428877578355,0.8548084650415215,0.8569515135279936,0.8443611036699705,0.8390034824537905,[0.96829703 0.8951109  0.7587662  0.88829039 0.69194078],[0.96126594 0.57179708 0.50811574 0.52407932 0.50345364],[0.71647605 0.72939699 0.60840407 0.82021054 0.71558027],[0.50594766 0.50615932 0.5060241  0.50988142 0.52826087],0.8404810598067496,0.6137423439669751,0.7180135825054834,0.5112546741136874
31,1,"(2, 3, 5)",3,1,0.8373961960889366,0.8515938923118136,0.8459683900348245,0.8489150817037235,0.976,0.968,0.8148941869809805,0.8564157514063756,0.8724886150549156,0.8644521832306455,0.968,0.968,0.8590945620144655,0.8652558264130726,0.8052504687918565,0.8663273506563086,0.8505223680685775,0.8526654165550496,0.8398071256362175,0.8079292793999464,0.8561478703455666,0.8424859362443076,0.8574872756496116,0.8518617733726226,0.8532011786766676,0.8478435574604876,[0.98513364 0.93037817 0.76135383 0.90721244 0.69525075],[1.         0.60465116 0.50530035 0.64158807 0.51356492],[0.79984621 0.64084165 0.64103731 0.84524996 0.66887088],[0.51569694 0.49710983 0.50615932 0.49830773 0.53095412],0.8558657670268782,0.6530209010239637,0.7191692025041053,0.5096455878923092
32,1,"(2, 4, 5)",3,1,0.8317706938119475,0.8502544870077685,0.8427538173051166,0.8457005089740155,0.976,0.968,0.8601660862577016,0.8673988748995446,0.8732922582373426,0.8708813286900616,0.968,0.968,0.8765068309670506,0.8676667559603536,0.8387356013929815,0.8682025180819716,0.8497187248861505,0.8529332976158586,0.8457005089740155,0.8103402089472275,0.8564157514063756,0.8473077953388696,0.8609697294401286,0.8545405839807125,0.8473077953388696,0.8435574604875435,[0.98147131 0.92337703 0.69689369 0.90134649 0.7162297 ],[0.96309471 0.5690054  0.49004659 0.60064935 0.51506024],[0.68792063 0.72519367 0.58996702 0.77052353 0.74125276],[0.50716091 0.49714286 0.50292246 0.50352628 0.52785924],0.8438636467196161,0.6275712575741202,0.7029715232971971,0.5077223485540187
33,1,"(3, 4, 5)",3,1,0.8148941869809805,0.8478435574604876,0.8384677203321725,0.8427538173051166,0.968,0.968,0.8673988748995446,0.8668631127779266,0.8754353067238146,0.8655237074738816,0.96,0.968,0.8641843021698365,0.8665952317171176,0.8371283150281275,0.8671309938387356,0.8467720332172516,0.8505223680685775,0.8373961960889366,0.7950709884811143,0.8494508438253415,0.8443611036699705,0.8534690597374766,0.8518617733726226,0.8515938923118136,0.8467720332172516,[0.98368865 0.94804821 0.75208695 0.93217567 0.66913278],[1.         0.64347826 0.50530035 0.68006608 0.49787234],[0.79769072 0.81027232 0.65478866 0.83278298 0.72180732],[0.51232877 0.50757135 0.50313414 0.50039216 0.53281684],0.8570264495814995,0.6653434067894283,0.7634683999713534,0.5112486500488979
34,1,"(1, 2, 3, 4)",4,1,0.8403428877578355,0.8462362710956335,0.8451647468523975,0.8427538173051166,0.976,0.96,0.8465041521564426,0.8585587998928476,0.8585587998928476,0.8628448968657916,0.968,0.968,0.8684703991427806,0.8730243771765336,0.8213233324403965,0.8569515135279936,0.8400750066970265,0.8237342619876775,0.8309670506295205,0.8240021430484865,0.8561478703455666,0.8379319582105546,0.8523975354942406,0.8499866059469595,0.8454326279132065,0.8416822930618805,[0.97649759 0.87567936 0.79331451 0.92919151 0.69764067],[0.91891892 0.55674518 0.50255827 0.69672131 0.48557692],[0.77268099 0.72987925 0.71271562 0.86652031 0.73479881],[0.50330907 0.54556804 0.51388889 0.51017113 0.52516411],0.8544647300208298,0.632104121445882,0.7633189984497911,0.5196202485645038
35,1,"(1, 2, 3, 5)",4,1,0.8438253415483525,0.8529332976158586,0.8515938923118136,0.8462362710956335,0.976,0.968,0.8181087597106884,0.8422180551834986,0.8582909188320386,0.8628448968657916,0.968,0.968,0.8711492097508706,0.8719528529332976,0.8272167157781944,0.8633806589874096,0.8277524778998124,0.8574872756496116,0.8419501741226896,0.8229306188052504,0.8564157514063756,0.8438253415483525,0.8545405839807125,0.8515938923118136,0.8489150817037235,0.8489150817037235,[0.98277087 0.90890393 0.79717113 0.93836544 0.70608605],[0.94996573 0.58333333 0.50746269 0.78609626 0.5       ],[0.77357826 0.66538456 0.68306938 0.87103192 0.68207933],[0.51033058 0.51799346 0.52380952 0.51529903 0.54731162],0.8666594845018026,0.6653716013074022,0.7350286904925931,0.5229488412816878
36,1,"(1, 2, 4, 5)",4,1,0.8339137422984195,0.8526654165550496,0.8432895794267345,0.8443611036699705,0.976,0.968,0.8529332976158586,0.8679346370211626,0.8625770158049826,0.8671309938387356,0.968,0.968,0.8805250468791856,0.8829359764264666,0.8336458612376105,0.8636485400482186,0.8553442271631395,0.8556121082239486,0.8344495044200375,0.8186445218323064,0.8609697294401286,0.8411465309402625,0.8574872756496116,0.8540048218590945,0.8454326279132065,0.8521296544334316,[0.98745755 0.90294459 0.75562303 0.93910043 0.72882339],[0.95594448 0.55445545 0.5        0.75693431 0.51886792],[0.70646416 0.73668261 0.63915518 0.8654334  0.73781663],[0.51075269 0.52742031 0.51736778 0.51915812 0.52565257],0.8627897988395815,0.6572404309228876,0.7371103932522677,0.5200702932348036
37,1,"(1, 3, 4, 5)",4,1,0.8352531476024645,0.8513260112510046,0.8465041521564426,0.8486472006429145,0.976,0.968,0.8515938923118136,0.8684703991427806,0.8767747120278596,0.8665952317171176,0.968,0.968,0.8719528529332976,0.8754353067238146,0.8331100991159925,0.8762389499062416,0.8564157514063756,0.8548084650415215,0.8360567907848915,0.8127511384945084,0.8515938923118136,0.8518617733726226,0.8529332976158586,0.8534690597374766,0.8534690597374766,0.8486472006429145,[0.98680226 0.92203049 0.77304312 0.96295969 0.68396169],[0.95107239 0.59414929 0.50326797 0.78030954 0.49624634],[0.81144821 0.78123546 0.66804382 0.8757865  0.72157133],[0.51724138 0.56505576 0.50326797 0.51799346 0.50906555],0.8657594485724852,0.6650091079702556,0.7716170626487736,0.5225248246159296
38,1,"(2, 3, 4, 5)",4,1,0.8296276453254755,0.8499866059469595,0.8451647468523975,0.8457005089740155,0.968,0.968,0.8738280203589606,0.8671309938387356,0.8770425930886686,0.8706134476292526,0.968,0.968,0.8716849718724886,0.8682025180819716,0.8229306188052504,0.8791856415751407,0.8590945620144655,0.8604339673185106,0.8430216983659256,0.8207875703187785,0.8548084650415215,0.8505223680685775,0.8566836324671846,0.8572193945888026,0.8489150817037235,0.8414144120010715,[0.9790392  0.92299159 0.73456136 0.91029591 0.68995966],[0.95314506 0.59199071 0.49887133 0.62078652 0.5       ],[0.81453521 0.79688396 0.65555296 0.85011644 0.75273054],[0.51869858 0.50831526 0.50684932 0.50463044 0.53475936],0.847369542366352,0.6329587240639795,0.7739638208253717,0.5146505895069577
